21,404|2
21,402|2
22,400|2
22,398|2
22,396|2
23,394|2
23,393|2
23,391|2
24,388|2
24,386|2
25,381|2
25,378|2
25,375|2
26,371|2
26,367|2
26,362|2
28,357|2
28,353|2
29,347|2
29,342|2
30,337|2
32,333|2
33,328|2
35,324|2
36,320|2
37,316|2
39,311|2
40,306|2
42,301|2
45,295|2
46,289|2
48,283|2
50,277|2
52,272|2
54,267|2
57,262|2
59,257|2
60,253|2
64,247|2
66,242|2
67,238|2
71,231|2
73,227|2
75,224|2
78,220|2
79,217|2
81,213|2
83,210|2
86,205|2
90,199|2
92,196|2
95,193|2
97,189|2
100,186|2
102,183|2
105,179|2
108,175|2
111,172|2
114,168|2
118,164|2
121,160|2
126,156|2
131,152|2
136,148|2
141,144|2
144,141|2
148,138|2
154,134|2
160,129|2
165,125|2
171,120|2
177,117|2
183,113|2
187,110|2
192,107|2
199,103|2
203,100|2
209,97|2
215,95|2
221,92|2
225,90|2
230,87|2
234,85|2
239,84|2
243,82|2
248,80|2
253,78|2
257,76|2
262,74|2
267,73|2
272,71|2
279,70|2
285,69|2
291,67|2
299,66|2
305,65|2
311,64|2
318,63|2
324,62|2
330,61|2
337,61|2
342,59|2
348,59|2
355,58|2
361,58|2
366,56|2
371,56|2
376,56|2
382,55|2
390,55|2
397,55|2
404,55|2
410,55|2
417,55|2
425,55|2
433,55|2
443,57|2
452,57|2
460,58|2
468,58|2
473,60|2
478,61|2
483,61|2
487,63|2
492,64|2
497,65|2
503,67|2
509,69|2
516,72|2
521,74|2
526,76|2
531,79|2
537,82|2
544,86|2
550,91|2
558,96|2
568,101|2
578,107|2
587,112|2
595,117|2
601,122|2
607,128|2
614,134|2
618,139|2
624,145|2
629,153|2
634,158|2
638,163|2
643,169|2
647,175|2
651,181|2
656,189|2
660,195|2
664,200|2
668,206|2
672,211|2
675,216|2
679,220|2
682,224|2
684,229|2
687,234|2
690,239|2
693,243|2
695,248|2
697,252|2
699,257|2
701,262|2
702,267|2
704,271|2
706,277|2
708,283|2
709,289|2
710,295|2
712,303|2
713,309|2
714,316|2
715,324|2
716,330|2
717,337|2
719,344|2
720,350|2
721,358|2
722,366|2
723,374|2
724,382|2
724,388|2
724,395|2
724,403|2
724,410|2
724,416|2
724,420|2
724,421|2
55,392|2
55,390|2
58,385|2
61,379|2
64,375|2
66,370|2
69,363|2
72,357|2
75,351|2
77,345|2
79,338|2
82,331|2
83,325|2
86,319|2
87,314|2
89,309|2
90,303|2
91,298|2
93,292|2
95,286|2
96,280|2
98,274|2
100,268|2
101,264|2
103,259|2
104,255|2
106,251|2
108,247|2
110,243|2
111,239|2
113,236|2
115,232|2
117,228|2
119,224|2
121,220|2
124,217|2
125,213|2
128,210|2
130,207|2
132,203|2
135,199|2
138,194|2
139,194|2
141,190|2
144,186|2
148,183|2
148,182|2
151,178|2
155,175|2
158,171|2
162,166|2
166,162|2
169,159|2
173,155|2
177,152|2
180,149|2
184,146|2
187,144|2
191,140|2
195,137|2
199,135|2
203,132|2
208,129|2
213,126|2
217,123|2
222,120|2
227,117|2
232,115|2
237,112|2
243,109|2
248,107|2
253,105|2
259,102|2
263,100|2
266,99|2
270,98|2
274,96|2
279,95|2
286,93|2
292,93|2
298,92|2
304,91|2
312,90|2
321,90|2
332,89|2
342,89|2
350,89|2
357,88|2
363,88|2
367,88|2
373,88|2
379,88|2
388,88|2
397,88|2
405,88|2
411,88|2
418,88|2
425,88|2
426,88|2
433,89|2
440,90|2
447,91|2
454,92|2
460,93|2
467,95|2
474,96|2
482,98|2
489,101|2
499,103|2
506,106|2
513,108|2
519,111|2
525,114|2
530,116|2
534,118|2
539,122|2
543,126|2
550,133|2
556,139|2
562,146|2
566,152|2
570,158|2
574,164|2
578,169|2
583,175|2
586,180|2
590,184|2
595,191|2
600,197|2
605,203|2
610,208|2
614,213|2
617,218|2
622,222|2
626,228|2
629,232|2
632,237|2
635,240|2
637,244|2
639,247|2
641,250|2
643,253|2
646,258|2
650,264|2
654,270|2
658,275|2
661,279|2
664,283|2
667,288|2
670,293|2
673,298|2
675,303|2
678,309|2
681,312|2
682,316|2
684,318|2
685,322|2
687,326|2
688,330|2
690,334|2
692,338|2
693,341|2
694,344|2
695,348|2
696,353|2
698,357|2
699,363|2
700,368|2
701,373|2
702,379|2
702,383|2
702,387|2
703,393|2
703,397|2
703,401|2
703,405|2
703,408|2
703,412|2
703,415|2
703,416|2
703,417|2
92,405|2
92,404|2
94,400|2
95,397|2
97,393|2
98,390|2
101,385|2
103,380|2
105,375|2
107,370|2
109,365|2
111,359|2
113,353|2
116,347|2
118,341|2
121,334|2
124,327|2
126,321|2
128,315|2
131,309|2
133,305|2
135,301|2
137,297|2
138,292|2
141,287|2
143,283|2
145,278|2
147,273|2
149,269|2
151,265|2
153,260|2
156,255|2
158,251|2
161,246|2
163,242|2
165,238|2
166,235|2
169,231|2
171,227|2
173,223|2
176,219|2
178,215|2
181,211|2
184,206|2
187,202|2
191,197|2
195,192|2
199,188|2
202,185|2
205,181|2
210,177|2
214,173|2
219,169|2
222,165|2
227,161|2
230,158|2
234,155|2
240,152|2
243,149|2
247,146|2
251,143|2
255,140|2
261,137|2
267,134|2
271,132|2
276,129|2
280,128|2
284,127|2
288,126|2
294,125|2
298,123|2
304,121|2
311,119|2
319,118|2
325,118|2
330,116|2
334,116|2
337,115|2
341,115|2
346,113|2
351,112|2
356,112|2
360,112|2
364,112|2
369,111|2
373,111|2
379,111|2
385,111|2
393,111|2
400,112|2
407,113|2
414,113|2
421,114|2
428,115|2
434,116|2
440,117|2
445,119|2
449,120|2
452,121|2
457,122|2
461,124|2
465,126|2
468,127|2
471,129|2
475,130|2
480,133|2
485,136|2
490,138|2
495,141|2
501,145|2
509,149|2
517,154|2
523,158|2
528,163|2
533,168|2
538,172|2
543,176|2
547,180|2
551,184|2
554,187|2
557,192|2
560,197|2
563,201|2
566,206|2
569,211|2
572,215|2
575,219|2
578,225|2
582,230|2
586,235|2
591,242|2
595,248|2
598,253|2
602,258|2
605,263|2
607,266|2
609,271|2
612,275|2
615,280|2
618,286|2
620,290|2
623,296|2
625,302|2
628,307|2
629,313|2
632,318|2
633,324|2
636,329|2
638,334|2
640,338|2
642,342|2
643,346|2
646,352|2
648,357|2
649,360|2
652,365|2
653,370|2
656,375|2
658,380|2
660,386|2
663,392|2
665,399|2
668,407|2
670,412|2
672,416|2
673,419|2
673,422|2
674,422|2
145,413|2
145,411|2
146,407|2
146,404|2
147,400|2
148,393|2
149,386|2
150,379|2
151,372|2
153,365|2
154,360|2
156,353|2
158,348|2
160,342|2
163,336|2
165,330|2
167,325|2
170,318|2
172,313|2
175,308|2
177,303|2
180,297|2
182,293|2
184,288|2
187,284|2
190,279|2
192,275|2
194,271|2
196,269|2
197,266|2
199,263|2
201,260|2
203,257|2
205,253|2
207,250|2
209,246|2
211,242|2
214,237|2
216,234|2
219,229|2
221,225|2
224,221|2
226,217|2
229,211|2
233,205|2
237,199|2
240,194|2
244,188|2
247,184|2
250,180|2
252,177|2
255,173|2
258,170|2
262,166|2
265,162|2
268,159|2
271,156|2
273,154|2
276,151|2
279,150|2
282,148|2
284,147|2
288,145|2
292,144|2
297,143|2
304,142|2
313,141|2
321,141|2
328,140|2
335,139|2
340,138|2
344,137|2
349,136|2
354,136|2
359,136|2
366,136|2
373,136|2
379,136|2
387,136|2
395,136|2
403,137|2
409,137|2
414,137|2
417,138|2
420,138|2
422,139|2
425,139|2
429,140|2
434,141|2
440,142|2
443,143|2
445,144|2
448,145|2
452,147|2
457,150|2
462,153|2
466,156|2
470,159|2
475,164|2
479,168|2
483,173|2
487,179|2
493,184|2
497,190|2
503,196|2
507,202|2
510,206|2
514,211|2
518,216|2
522,222|2
527,228|2
531,234|2
534,240|2
539,246|2
543,254|2
547,260|2
550,265|2
555,270|2
557,274|2
560,278|2
563,283|2
566,286|2
569,290|2
571,295|2
574,298|2
577,302|2
579,307|2
581,311|2
584,315|2
587,319|2
589,323|2
591,327|2
594,331|2
596,335|2
599,340|2
602,345|2
605,350|2
608,358|2
611,364|2
614,370|2
617,375|2
620,380|2
622,385|2
625,392|2
628,400|2
631,406|2
634,412|2
636,414|2
637,417|2
639,420|2
641,424|2
641,426|2
642,428|2
643,430|2
643,432|2
643,433|2
643,434|2
40,553&255/0/0
41,552&255/0/0
42,552&255/0/0
42,550&255/0/0
43,549&255/0/0
43,546&255/0/0
44,543&255/0/0
44,538&255/0/0
44,534&255/0/0
44,528&255/0/0
45,522&255/0/0
45,516&255/0/0
46,512&255/0/0
46,508&255/0/0
46,503&255/0/0
47,499&255/0/0
47,493&255/0/0
47,488&255/0/0
48,483&255/0/0
49,477&255/0/0
49,472&255/0/0
49,468&255/0/0
50,464&255/0/0
50,460&255/0/0
51,456&255/0/0
52,451&255/0/0
52,448&255/0/0
52,444&255/0/0
53,441&255/0/0
53,437&255/0/0
54,434&255/0/0
54,430&255/0/0
55,430&255/0/0
59,433&255/0/0
62,437&255/0/0
66,442&255/0/0
68,446&255/0/0
70,450&255/0/0
73,456&255/0/0
76,462&255/0/0
79,468&255/0/0
82,473&255/0/0
85,478&255/0/0
87,482&255/0/0
89,486&255/0/0
91,489&255/0/0
94,493&255/0/0
96,498&255/0/0
98,503&255/0/0
101,507&255/0/0
103,511&255/0/0
105,514&255/0/0
106,516&255/0/0
107,518&255/0/0
108,520&255/0/0
109,523&255/0/0
110,525&255/0/0
110,527&255/0/0
111,527&255/0/0
112,521&255/0/0
113,513&255/0/0
113,512&255/0/0
114,504&255/0/0
116,496&255/0/0
116,489&255/0/0
117,482&255/0/0
119,476&255/0/0
119,471&255/0/0
119,466&255/0/0
120,463&255/0/0
120,459&255/0/0
121,455&255/0/0
122,451&255/0/0
122,445&255/0/0
123,441&255/0/0
123,437&255/0/0
123,435&255/0/0
123,434&255/0/0
183,530&255/0/0
182,530&255/0/0
180,529&255/0/0
177,526&255/0/0
174,525&255/0/0
172,522&255/0/0
169,519&255/0/0
165,515&255/0/0
160,511&255/0/0
158,507&255/0/0
155,503&255/0/0
152,500&255/0/0
150,496&255/0/0
148,491&255/0/0
146,487&255/0/0
145,481&255/0/0
145,477&255/0/0
145,472&255/0/0
145,467&255/0/0
145,463&255/0/0
145,459&255/0/0
147,455&255/0/0
148,452&255/0/0
150,448&255/0/0
151,445&255/0/0
153,441&255/0/0
154,440&255/0/0
157,435&255/0/0
159,431&255/0/0
162,428&255/0/0
163,428&255/0/0
165,426&255/0/0
168,424&255/0/0
171,423&255/0/0
174,422&255/0/0
177,422&255/0/0
181,422&255/0/0
182,422&255/0/0
189,423&255/0/0
197,424&255/0/0
204,425&255/0/0
209,427&255/0/0
212,427&255/0/0
215,428&255/0/0
218,430&255/0/0
222,432&255/0/0
225,435&255/0/0
229,438&255/0/0
232,442&255/0/0
234,445&255/0/0
237,449&255/0/0
239,454&255/0/0
241,458&255/0/0
242,462&255/0/0
242,467&255/0/0
243,471&255/0/0
244,475&255/0/0
244,480&255/0/0
243,485&255/0/0
243,489&255/0/0
242,494&255/0/0
242,496&255/0/0
242,498&255/0/0
241,500&255/0/0
240,503&255/0/0
239,505&255/0/0
239,506&255/0/0
238,508&255/0/0
236,509&255/0/0
235,510&255/0/0
234,512&255/0/0
233,513&255/0/0
232,514&255/0/0
231,515&255/0/0
230,517&255/0/0
229,518&255/0/0
228,519&255/0/0
228,520&255/0/0
226,520&255/0/0
225,521&255/0/0
224,521&255/0/0
222,523&255/0/0
221,523&255/0/0
219,524&255/0/0
217,524&255/0/0
215,524&255/0/0
211,525&255/0/0
207,525&255/0/0
203,526&255/0/0
200,526&255/0/0
196,526&255/0/0
194,526&255/0/0
191,526&255/0/0
188,526&255/0/0
185,526&255/0/0
182,526&255/0/0
180,526&255/0/0
179,526&255/0/0
307,529&255/0/0
305,529&255/0/0
300,528&255/0/0
295,526&255/0/0
286,521&255/0/0
279,515&255/0/0
274,510&255/0/0
271,505&255/0/0
268,500&255/0/0
266,495&255/0/0
265,487&255/0/0
265,480&255/0/0
265,473&255/0/0
267,465&255/0/0
270,458&255/0/0
272,454&255/0/0
274,449&255/0/0
277,445&255/0/0
281,442&255/0/0
288,440&255/0/0
297,439&255/0/0
306,439&255/0/0
312,439&255/0/0
320,439&255/0/0
324,439&255/0/0
328,439&255/0/0
331,441&255/0/0
336,443&255/0/0
340,445&255/0/0
346,449&255/0/0
351,453&255/0/0
355,457&255/0/0
358,461&255/0/0
360,465&255/0/0
361,468&255/0/0
363,472&255/0/0
364,474&255/0/0
364,477&255/0/0
364,480&255/0/0
364,483&255/0/0
364,486&255/0/0
363,489&255/0/0
362,492&255/0/0
361,495&255/0/0
360,498&255/0/0
359,500&255/0/0
357,502&255/0/0
355,505&255/0/0
353,508&255/0/0
350,511&255/0/0
346,512&255/0/0
343,515&255/0/0
339,516&255/0/0
337,518&255/0/0
335,519&255/0/0
333,521&255/0/0
331,523&255/0/0
328,524&255/0/0
326,526&255/0/0
323,526&255/0/0
321,527&255/0/0
318,528&255/0/0
314,528&255/0/0
310,528&255/0/0
306,528&255/0/0
301,528&255/0/0
296,527&255/0/0
293,527&255/0/0
292,527&255/0/0
442,529&255/0/0
440,529&255/0/0
436,529&255/0/0
432,528&255/0/0
428,527&255/0/0
424,526&255/0/0
420,523&255/0/0
415,519&255/0/0
409,512&255/0/0
403,505&255/0/0
399,499&255/0/0
396,494&255/0/0
395,491&255/0/0
395,488&255/0/0
394,484&255/0/0
394,480&255/0/0
394,476&255/0/0
394,472&255/0/0
394,468&255/0/0
396,465&255/0/0
397,462&255/0/0
399,459&255/0/0
401,457&255/0/0
405,455&255/0/0
409,453&255/0/0
414,451&255/0/0
420,450&255/0/0
427,449&255/0/0
433,449&255/0/0
438,449&255/0/0
443,450&255/0/0
449,451&255/0/0
454,451&255/0/0
458,453&255/0/0
462,455&255/0/0
465,458&255/0/0
468,461&255/0/0
471,467&255/0/0
475,473&255/0/0
478,478&255/0/0
479,484&255/0/0
481,489&255/0/0
482,493&255/0/0
483,497&255/0/0
483,501&255/0/0
483,504&255/0/0
482,508&255/0/0
481,512&255/0/0
480,514&255/0/0
479,516&255/0/0
478,519&255/0/0
476,521&255/0/0
474,523&255/0/0
472,525&255/0/0
469,526&255/0/0
466,528&255/0/0
463,530&255/0/0
461,533&255/0/0
458,535&255/0/0
455,536&255/0/0
453,537&255/0/0
450,537&255/0/0
447,538&255/0/0
444,538&255/0/0
441,538&255/0/0
438,538&255/0/0
436,537&255/0/0
434,537&255/0/0
431,535&255/0/0
428,534&255/0/0
427,534&255/0/0
427,533&255/0/0
528,457&255/0/0
528,461&255/0/0
525,466&255/0/0
523,474&255/0/0
522,483&255/0/0
519,493&255/0/0
515,505&255/0/0
512,518&255/0/0
508,529&255/0/0
504,537&255/0/0
502,541&255/0/0
502,543&255/0/0
506,543&255/0/0
511,542&255/0/0
516,541&255/0/0
521,538&255/0/0
525,537&255/0/0
530,534&255/0/0
535,531&255/0/0
538,528&255/0/0
541,524&255/0/0
543,521&255/0/0
544,518&255/0/0
544,516&255/0/0
543,512&255/0/0
538,508&255/0/0
531,505&255/0/0
526,503&255/0/0
523,502&255/0/0
521,502&255/0/0
522,500&255/0/0
524,498&255/0/0
530,496&255/0/0
536,492&255/0/0
544,488&255/0/0
548,485&255/0/0
551,482&255/0/0
552,480&255/0/0
553,478&255/0/0
553,476&255/0/0
554,473&255/0/0
553,470&255/0/0
550,466&255/0/0
544,462&255/0/0
537,458&255/0/0
531,455&255/0/0
526,453&255/0/0
525,453&255/0/0
590,538&255/0/0
587,538&255/0/0
583,537&255/0/0
579,536&255/0/0
575,534&255/0/0
572,531&255/0/0
570,528&255/0/0
569,527&255/0/0
568,524&255/0/0
566,520&255/0/0
564,514&255/0/0
560,506&255/0/0
559,500&255/0/0
559,495&255/0/0
559,490&255/0/0
562,486&255/0/0
565,482&255/0/0
569,478&255/0/0
574,476&255/0/0
580,473&255/0/0
588,470&255/0/0
597,468&255/0/0
605,467&255/0/0
613,467&255/0/0
620,467&255/0/0
627,469&255/0/0
630,470&255/0/0
632,470&255/0/0
634,472&255/0/0
635,473&255/0/0
637,476&255/0/0
638,480&255/0/0
639,484&255/0/0
640,488&255/0/0
640,494&255/0/0
640,499&255/0/0
640,503&255/0/0
640,507&255/0/0
640,509&255/0/0
639,512&255/0/0
638,516&255/0/0
636,519&255/0/0
635,522&255/0/0
634,523&255/0/0
633,525&255/0/0
631,526&255/0/0
630,528&255/0/0
627,529&255/0/0
624,530&255/0/0
621,532&255/0/0
618,533&255/0/0
614,535&255/0/0
610,536&255/0/0
607,538&255/0/0
604,540&255/0/0
601,541&255/0/0
597,541&255/0/0
595,542&255/0/0
593,542&255/0/0
589,542&255/0/0
585,542&255/0/0
581,542&255/0/0
576,541&255/0/0
574,541&255/0/0
574,540&255/0/0
672,471&255/0/0
672,474&255/0/0
672,480&255/0/0
672,485&255/0/0
672,491&255/0/0
672,498&255/0/0
672,503&255/0/0
672,508&255/0/0
672,513&255/0/0
672,519&255/0/0
672,523&255/0/0
672,527&255/0/0
672,529&255/0/0
672,531&255/0/0
672,533&255/0/0
672,535&255/0/0
672,536&255/0/0
672,537&255/0/0
672,538&255/0/0
673,538&255/0/0
678,538&255/0/0
683,536&255/0/0
689,535&255/0/0
693,532&255/0/0
699,529&255/0/0
703,526&255/0/0
711,521&255/0/0
717,517&255/0/0
722,513&255/0/0
726,510&255/0/0
728,508&255/0/0
729,506&255/0/0
730,503&255/0/0
731,501&255/0/0
731,500&255/0/0
731,499&255/0/0
731,498&255/0/0
731,495&255/0/0
729,491&255/0/0
725,485&255/0/0
719,481&255/0/0
714,477&255/0/0
711,475&255/0/0
710,474&255/0/0
707,474&255/0/0
702,473&255/0/0
697,472&255/0/0
694,471&255/0/0
692,470&255/0/0
690,469&255/0/0
688,469&255/0/0
686,469&255/0/0
684,469&255/0/0
681,469&255/0/0
678,468&255/0/0
676,468&255/0/0
672,468&255/0/0
669,468&255/0/0
667,468&255/0/0
763,463&255/0/0
763,467&255/0/0
763,473&255/0/0
763,475&255/0/0
763,481&255/0/0
763,486&255/0/0
763,489&255/0/0
763,490&255/0/0
763,491&255/0/0
766,491&255/0/0
769,490&255/0/0
772,488&255/0/0
776,485&255/0/0
780,480&255/0/0
787,476&255/0/0
791,473&255/0/0
796,470&255/0/0
800,468&255/0/0
804,465&255/0/0
808,464&255/0/0
809,462&255/0/0
810,462&255/0/0
810,464&255/0/0
809,468&255/0/0
807,475&255/0/0
805,481&255/0/0
804,487&255/0/0
802,494&255/0/0
800,499&255/0/0
799,503&255/0/0
798,508&255/0/0
797,511&255/0/0
797,514&255/0/0
796,516&255/0/0
795,519&255/0/0
794,522&255/0/0
794,524&255/0/0
792,527&255/0/0
791,530&255/0/0
790,533&255/0/0
789,536&255/0/0
788,538&255/0/0
788,540&255/0/0
787,541&255/0/0
787,542&255/0/0
786,544&255/0/0
785,545&255/0/0
784,547&255/0/0
784,548&255/0/0
